<svg version="1.1" id="Layer_1" xmlns="http://www.w3.org/2000/svg" xmlns:xlink="http://www.w3.org/1999/xlink" x="0px" y="0px"
	 width="100%" viewBox="0 0 848 416" enable-background="new 0 0 848 416" xml:space="preserve">
<path fill="#000000" opacity="1.000000" stroke="none" 
	d="
M827.052734,179.183228 
	C828.614136,190.155075 830.415833,200.780472 831.384583,211.481262 
	C832.871338,227.905655 832.692566,244.365204 830.316772,260.727051 
	C828.768372,271.390381 827.720581,282.124725 825.481934,292.695862 
	C824.708862,296.346527 823.458313,299.534027 821.551880,302.765381 
	C813.656311,316.147980 804.585876,328.696869 794.456726,340.402344 
	C781.962952,354.840393 768.028748,367.664124 750.005127,375.136780 
	C740.197021,379.203247 729.748596,380.304260 719.365601,381.021179 
	C689.114624,383.109833 658.815002,384.158569 628.490845,382.960968 
	C620.193848,382.633331 611.887939,381.994690 603.713135,380.253143 
	C599.562866,379.368927 595.450012,380.577423 591.317200,380.815430 
	C583.175110,381.284332 575.000061,381.273010 566.838501,381.280670 
	C560.591370,381.286560 555.695007,382.647369 551.692322,388.487549 
	C545.315491,397.791931 536.310059,403.642670 524.341492,403.293793 
	C523.684753,403.274658 523.020630,403.137115 522.383850,402.965881 
	C522.089233,402.886658 521.852051,402.593536 521.200500,402.108032 
	C521.867065,395.635559 526.753784,390.439728 528.328857,383.413696 
	C519.430725,383.413696 511.005981,383.291687 502.586365,383.447205 
	C493.762970,383.610199 484.946655,384.135101 476.123444,384.336884 
	C420.818848,385.601593 365.505554,385.513611 310.193542,385.156006 
	C300.213226,385.091492 290.180054,384.326538 280.287811,385.521240 
	C271.372314,386.597992 262.413208,386.953064 253.510818,387.387024 
	C235.914474,388.244720 218.259613,388.182983 200.632843,388.035583 
	C189.174927,387.939819 177.692886,387.876953 166.260666,386.646179 
	C149.609970,384.853577 132.884857,383.943878 116.543449,379.589783 
	C105.458099,376.636139 94.306213,374.118927 83.525940,370.023376 
	C70.341705,365.014496 58.067909,358.540741 46.839191,350.018768 
	C44.354542,348.133026 42.581512,345.933289 41.625771,342.942657 
	C36.205029,325.980743 31.722820,308.788086 28.770063,291.216461 
	C24.487717,265.732544 22.794037,240.083710 23.732674,214.249008 
	C24.318319,198.129990 27.119677,182.282181 29.153759,166.335342 
	C30.802063,153.412918 35.186867,141.073120 37.276054,128.325378 
	C39.267891,116.171646 46.416286,108.771553 55.909302,102.680519 
	C76.982178,89.159439 100.393288,82.314499 124.783157,77.473854 
	C167.570877,68.981789 210.774033,69.270119 254.009857,69.915230 
	C270.961792,70.168167 287.899292,72.264030 304.872986,71.542702 
	C332.656921,70.361969 360.461243,69.231827 388.244324,69.999207 
	C407.392365,70.528084 426.536041,70.193817 445.671173,70.791206 
	C465.467651,71.409233 485.263092,72.075333 505.054016,72.847664 
	C510.031158,73.041885 514.953735,74.223206 519.973511,73.934494 
	C521.747925,73.832451 523.656799,74.314629 525.444946,72.722824 
	C525.126221,68.490364 521.771118,65.141472 521.042419,60.204247 
	C528.962402,59.392250 536.643982,58.119228 543.465027,63.321880 
	C547.014343,66.029030 550.700928,68.636688 553.098694,72.637306 
	C554.885132,75.617844 557.915833,76.491119 561.259094,76.597519 
	C573.062927,76.973190 584.871582,77.269745 596.665161,77.860695 
	C602.128601,78.134445 607.273376,76.464722 612.288391,75.150223 
	C623.483032,72.215965 634.839539,71.149185 646.249512,70.783638 
	C660.232483,70.335655 674.270813,70.111290 688.229675,70.846146 
	C702.118958,71.577324 715.964722,73.464043 729.800049,74.977623 
	C754.796631,77.712227 771.634155,92.172836 787.474365,109.326187 
	C798.142334,120.878540 806.711060,133.966385 815.734680,146.748047 
	C822.587830,156.455322 825.500610,167.360611 827.052734,179.183228 
M492.949493,274.499878 
	C492.942352,267.002228 492.987976,259.504028 492.909424,252.007141 
	C492.857544,247.058304 491.930511,246.524857 485.645294,248.518219 
	C491.337189,253.912415 489.977142,260.716125 490.383850,267.282196 
	C491.321228,282.415100 489.947083,297.543793 490.722137,312.688782 
	C491.186310,321.758362 491.282440,331.299988 481.005493,336.880615 
	C512.650879,342.379333 543.168030,350.026489 572.928467,361.321777 
	C569.892151,363.862061 564.973267,362.621948 564.085327,367.723846 
	C563.453369,371.354675 560.095825,374.114655 559.908386,378.261658 
	C567.693665,378.978943 575.071716,377.564728 582.476135,377.007782 
	C600.141235,375.678986 617.556335,379.023712 635.107300,379.499786 
	C651.080078,379.933044 667.083252,379.927582 683.055420,379.482483 
	C695.845398,379.126099 708.596680,377.493134 721.387146,377.013397 
	C739.637573,376.328918 755.925110,370.798981 770.199402,359.287598 
	C790.738708,342.723846 805.966553,321.798492 819.597656,299.548676 
	C820.563110,297.972778 822.085693,296.305389 820.753479,293.733978 
	C818.783691,295.055176 817.026306,296.550507 815.011841,297.501495 
	C812.720886,298.582916 810.038452,298.991058 807.842041,297.453674 
	C805.785522,296.014160 807.182190,293.796844 807.395691,291.888611 
	C809.153137,276.183289 810.689331,260.439911 810.947083,244.644623 
	C811.343506,220.347763 811.637512,196.034302 807.911621,171.877808 
	C807.476501,169.056656 806.282288,165.858032 807.978088,162.593872 
	C813.616760,164.670090 816.285278,170.182068 821.717834,173.538147 
	C821.810120,166.443985 820.121094,160.831451 816.902344,155.430923 
	C805.860352,136.904495 793.254700,119.560997 778.071167,104.217239 
	C769.010681,95.061089 759.129272,86.832008 746.803284,82.323364 
	C733.707947,77.533287 719.709900,77.301064 706.128662,75.785423 
	C690.682678,74.061676 675.034912,72.896767 659.338562,73.769653 
	C645.943726,74.514549 632.482910,74.487213 619.340637,77.466675 
	C606.621216,80.350243 594.027161,82.448021 580.825317,80.606689 
	C573.948975,79.647614 566.712341,79.466957 559.480774,80.805862 
	C559.853699,85.084038 561.761108,86.644859 565.667114,86.681053 
	C576.150024,86.778191 586.631592,87.133530 597.110535,87.468063 
	C623.060059,88.296471 648.992676,89.373108 674.922241,90.648186 
	C689.056641,91.343239 703.213501,91.576630 717.351257,92.215912 
	C720.107483,92.340538 722.421936,91.990479 724.943237,90.744156 
	C733.827393,86.352570 742.813477,86.361786 751.857666,90.659492 
	C767.322632,98.008270 777.809082,110.743408 787.809998,123.905998 
	C792.535095,130.124786 796.560730,136.885193 800.735657,143.505859 
	C802.053650,145.596085 802.849609,148.818512 798.799438,147.953522 
	C787.697998,145.582657 776.790039,141.856964 771.449829,130.802414 
	C764.075012,115.536079 751.336670,107.052986 736.763184,100.060524 
	C728.397034,96.046394 719.676086,96.355469 710.909241,95.870003 
	C690.490051,94.739258 670.083313,93.353981 649.655762,92.413643 
	C634.693481,91.724884 619.654846,92.209953 604.745667,90.998352 
	C592.112366,89.971695 579.415039,91.458580 566.857239,89.391693 
	C565.752991,89.209938 564.458557,89.217407 563.952271,90.985107 
	C565.593994,94.945488 570.812378,90.903984 572.703064,94.456764 
	C572.094543,96.516029 570.333618,96.758911 568.778687,97.202934 
	C557.530579,100.414970 547.362122,106.206161 535.034485,107.170517 
	C520.745850,108.288269 506.926086,113.807419 492.579895,115.890289 
	C484.311676,117.090721 476.011383,118.070122 467.725555,119.149010 
	C470.153809,120.317085 472.577972,120.535271 475.000305,120.772141 
	C478.917419,121.155167 482.890594,122.166306 485.306549,125.211403 
	C488.365570,129.066986 491.755798,128.956177 495.936340,128.192169 
	C508.811829,125.839127 521.739441,123.772728 534.632935,121.515686 
	C536.551575,121.179825 539.408936,121.437813 540.066772,119.592453 
	C542.518311,112.715584 548.916687,113.209099 554.064331,111.797653 
	C563.822754,109.121933 573.426025,111.605370 583.178406,113.016487 
	C591.598511,114.234848 596.871948,118.727989 600.959656,125.206894 
	C603.877747,129.831985 605.733887,135.093781 607.170410,140.405701 
	C609.389893,148.612411 609.978271,157.078156 611.004822,165.482300 
	C612.797302,180.157028 614.781860,194.840988 615.054749,209.613297 
	C615.607666,239.543167 616.075867,269.508270 611.286438,299.221069 
	C609.098572,312.794281 605.298828,325.889069 597.995544,337.669373 
	C593.255493,345.315125 586.551086,349.917877 577.084961,347.987915 
	C571.799011,346.910187 566.870361,345.272125 561.172729,346.687500 
	C555.741577,348.036713 549.906250,346.724884 544.285583,346.838013 
	C540.511719,346.913940 537.111938,348.602966 536.357056,342.948425 
	C536.130676,341.252502 534.051208,341.391815 532.574768,341.162842 
	C520.431763,339.279419 508.321075,337.149292 496.137482,335.585815 
	C491.557587,334.998138 490.678925,332.713593 490.952972,328.879913 
	C492.223267,311.109741 492.775543,293.311737 492.949493,274.499878 
M137.289078,324.239960 
	C139.435196,335.510742 140.460220,333.496460 129.638092,335.713898 
	C128.498856,335.947296 127.337151,336.076599 126.204483,336.335632 
	C115.979332,338.673737 105.674942,340.863220 96.164871,345.434753 
	C88.917114,348.918762 88.845192,352.670990 95.381004,357.426727 
	C97.158630,358.720154 99.877762,359.042511 100.432549,362.138031 
	C95.559631,366.407104 89.223625,364.521851 83.053917,365.936371 
	C85.383301,367.039429 87.101425,368.080811 88.960350,368.698303 
	C108.874321,375.313202 129.274429,379.650269 150.167694,381.684845 
	C161.590378,382.797211 173.035385,383.496124 184.489639,384.202637 
	C202.142914,385.291504 219.792999,385.045868 237.425201,384.535187 
	C255.538834,384.010559 273.620819,381.951202 291.729034,381.764557 
	C346.679779,381.198181 401.641174,382.570953 456.591034,380.791809 
	C477.392151,380.118317 498.224304,379.447784 519.016846,379.914032 
	C527.917175,380.113647 533.278625,377.810242 535.422363,369.122375 
	C535.461548,368.963470 535.558594,368.819214 535.625305,368.666656 
	C537.576721,364.205048 537.063477,363.257477 532.315063,363.321289 
	C525.823181,363.408539 519.334473,363.851654 512.843628,363.870087 
	C484.016785,363.952026 455.189728,363.953064 426.362762,363.931000 
	C423.541962,363.928833 420.686493,363.784241 417.907166,363.334717 
	C408.549805,361.821259 401.009613,353.982330 399.669342,344.601196 
	C398.866760,338.983459 399.798981,337.946045 405.614807,337.839386 
	C408.941071,337.778412 412.353271,338.440735 415.762695,337.152771 
	C414.736145,335.361237 413.320465,335.009369 412.082672,335.479950 
	C403.948578,338.572510 395.648987,336.594269 387.402893,336.534882 
	C382.001862,336.495972 379.209747,333.702148 379.142059,328.658234 
	C379.074829,323.651306 377.145905,322.243927 372.196960,322.371918 
	C365.326874,322.549530 362.750092,320.228210 362.694916,314.827667 
	C362.558746,301.502655 362.665131,288.175140 362.676697,274.848633 
	C362.679901,271.163605 364.565277,268.908447 368.059204,268.013947 
	C369.826904,267.561371 371.681061,266.928070 373.441681,267.066925 
	C378.120026,267.435852 379.085449,265.076508 378.861755,261.025024 
	C378.661041,257.389130 377.539062,253.052979 379.627899,250.231400 
	C383.306000,245.262985 381.868011,240.142120 381.577545,235.087006 
	C381.023773,225.450577 382.981293,215.823685 379.656921,206.087585 
	C377.878082,200.877884 376.436981,198.830475 370.955444,199.021484 
	C364.835938,199.234695 362.730957,196.858261 362.687683,190.942337 
	C362.592621,177.951477 362.692993,164.959244 362.613098,151.968185 
	C362.585785,147.529449 364.559357,145.235336 368.978973,144.619568 
	C378.740082,143.259613 378.729614,143.183975 378.825317,133.046402 
	C378.826874,132.879807 378.819550,132.713089 378.822174,132.546539 
	C378.960846,123.754120 381.821014,120.650261 390.522430,120.755997 
	C397.619415,120.842239 404.769989,121.516647 411.788666,121.879829 
	C419.564362,122.282188 427.844849,120.816048 435.856354,119.531738 
	C430.599548,118.987930 425.344635,118.788795 420.100403,118.433197 
	C414.792786,118.073303 409.541809,117.162483 404.174957,117.309814 
	C399.093536,117.449310 398.375183,116.327797 399.414795,111.288208 
	C401.930206,99.094215 409.732513,92.763573 422.282562,92.758408 
	C457.774811,92.743782 493.267059,92.751381 528.759216,92.683144 
	C530.617310,92.679573 532.785400,93.526215 534.355896,91.584076 
	C533.948120,88.657219 531.813721,88.414833 529.553162,88.370201 
	C517.576355,88.133698 505.609680,87.917633 493.632263,87.307510 
	C478.696594,86.546684 463.715637,86.817741 448.744537,86.219574 
	C428.304260,85.402863 407.817719,84.932777 387.377991,84.688072 
	C344.091492,84.169846 300.777069,83.394089 257.483063,85.178864 
	C236.534241,86.042488 215.553085,86.192932 194.617645,87.270126 
	C187.321564,87.645538 179.998367,87.966286 172.704300,88.530502 
	C156.981110,89.746765 141.231995,90.773026 125.566124,92.526100 
	C117.341888,93.446419 108.482971,92.864639 101.608002,99.135544 
	C98.652496,101.831367 93.139786,103.420319 94.583992,108.306732 
	C95.836441,112.544334 101.014122,113.023277 105.070274,113.782852 
	C114.530090,115.554329 123.887146,118.002136 133.648529,117.805244 
	C137.760590,117.722290 139.527145,119.406067 138.383362,124.113495 
	C136.310547,132.644714 134.891434,141.331192 134.071121,150.107803 
	C132.462723,167.316544 129.739532,184.479782 129.186249,201.716705 
	C127.877365,242.493027 128.966187,283.207764 137.289078,324.239960 
M502.453552,219.157349 
	C502.603790,225.759933 502.731171,232.363159 502.917664,238.964722 
	C502.976166,241.034622 503.264099,243.315720 505.944336,243.298355 
	C509.039124,243.278290 508.197815,240.979401 508.181091,238.935623 
	C508.137665,233.629990 513.548706,228.734756 518.752625,229.072433 
	C523.796265,229.399689 528.112366,235.355927 527.129700,240.775681 
	C526.868408,242.216614 526.236938,243.590424 525.627258,245.446198 
	C533.144470,249.107849 538.310303,255.460175 543.398865,261.663422 
	C553.828430,274.377808 554.506958,289.656036 553.878967,305.226288 
	C553.413269,316.772003 554.398438,328.373749 552.204773,339.697601 
	C554.407227,341.200226 556.697510,340.718628 558.777527,341.224670 
	C575.125854,345.202057 590.648682,332.142395 594.086853,319.289429 
	C598.633728,302.291779 600.667908,284.644287 602.222229,267.129364 
	C605.289856,232.562088 604.431702,198.020432 598.770813,163.676239 
	C596.989136,152.867065 595.558228,141.991898 592.383789,131.479462 
	C589.222656,121.011154 582.341492,116.618019 572.067200,118.292137 
	C567.814514,118.985069 563.597412,119.899849 559.370544,120.745972 
	C554.982971,121.624260 550.361511,121.605347 545.505066,123.941498 
	C548.066040,125.151344 549.809692,126.095505 551.640381,126.819168 
	C559.744019,130.022430 565.718994,135.649780 569.650024,143.276627 
	C577.342590,158.201706 578.612671,173.476120 570.522095,188.650162 
	C563.231567,202.323624 550.429871,208.457321 536.260254,212.412170 
	C535.653320,212.581573 534.914124,212.625534 534.322021,212.445984 
	C527.419067,210.352722 526.991760,210.664001 527.307495,217.756912 
	C527.528931,222.732086 525.210144,226.243668 520.718384,227.735519 
	C516.555542,229.118134 512.203735,227.311264 509.645081,223.164108 
	C508.270782,220.936691 507.733429,218.656174 508.534698,216.034637 
	C509.092255,214.210495 508.452332,212.685287 506.354218,212.293884 
	C504.300354,211.910736 503.216858,212.961563 502.919586,214.933334 
	C502.746002,216.084656 502.607635,217.241302 502.453552,219.157349 
M106.764351,308.405640 
	C106.411285,306.450928 105.911163,304.509857 105.728096,302.539337 
	C104.066071,284.650330 103.528389,266.684387 102.330017,248.779037 
	C100.442520,220.577011 102.843590,192.566772 103.892639,164.490768 
	C104.331520,152.744736 107.556404,141.548721 112.815628,130.946121 
	C113.943733,128.671844 116.421585,127.032722 116.449448,124.068695 
	C105.594131,121.275703 94.737671,122.631737 83.982819,122.183266 
	C76.820251,121.884598 72.010277,125.469139 68.277786,131.032257 
	C66.309189,133.966385 64.975334,137.256363 64.345718,140.701355 
	C62.044937,153.290451 59.764286,165.886703 57.751713,178.524155 
	C55.370583,193.475876 53.579811,208.505554 53.562359,223.680603 
	C53.535351,247.163651 55.092533,270.547089 58.371033,293.801605 
	C59.736649,303.487976 60.317196,313.350067 64.400047,322.484009 
	C67.390358,329.173828 76.737297,336.307526 82.110863,335.198181 
	C88.651802,333.847839 95.338753,333.707397 101.825859,332.424103 
	C106.595909,331.480469 111.820526,332.662048 116.469345,329.739197 
	C112.594452,323.033752 109.062248,316.448730 106.764351,308.405640 
M29.251308,188.881271 
	C28.347645,199.956680 27.126493,211.017441 26.615034,222.110931 
	C25.855694,238.580887 27.644545,254.965744 29.412382,271.308838 
	C31.723110,292.670746 36.931904,313.438568 42.021320,334.288086 
	C45.428635,348.246643 56.255753,352.483917 66.582733,358.175964 
	C65.054543,355.537170 62.950096,353.418243 61.235317,351.020630 
	C49.863174,335.119965 45.951359,316.531738 42.310768,297.865814 
	C42.064781,296.604614 41.823071,295.002838 43.247684,294.256744 
	C45.024109,293.326416 46.066006,294.798553 46.873363,296.004822 
	C51.007927,302.182251 53.168827,309.209656 55.170509,316.253143 
	C58.053146,326.396484 61.432617,336.266327 67.988983,344.752380 
	C73.557846,351.960266 80.561775,356.782867 89.519043,358.578156 
	C90.156212,357.315826 89.534897,356.709625 89.133575,355.999573 
	C86.016418,350.483887 86.690842,347.885040 91.970840,344.380554 
	C96.309250,341.501007 100.903015,339.244232 105.997429,338.031769 
	C108.740692,337.378845 111.444901,336.561829 114.166733,335.818878 
	C106.187355,335.422760 98.292480,335.404114 90.774384,337.077881 
	C73.628021,340.895172 62.676006,330.915405 59.623760,318.888855 
	C57.655685,311.134155 56.507790,303.270874 55.429863,295.363770 
	C52.532398,274.109467 50.387344,252.802429 49.883392,231.340744 
	C49.573658,218.150253 51.069332,205.103348 52.657589,192.057922 
	C54.906696,173.584473 57.735798,155.188736 62.113087,137.102066 
	C64.778954,126.086884 74.238930,117.605553 86.597717,118.576454 
	C94.816437,119.222099 103.105316,117.947784 111.369392,118.965546 
	C106.293800,117.733116 101.196510,116.849136 96.470940,114.734535 
	C89.993263,111.835907 89.005417,106.857704 93.648514,101.647186 
	C94.715401,100.449921 96.263664,99.608498 96.793213,97.475822 
	C89.830070,97.309677 83.430351,98.889816 77.713005,102.367409 
	C66.305504,109.306084 60.052650,120.007423 56.155827,132.511826 
	C53.294754,141.692642 51.409081,151.275055 46.235428,159.622284 
	C45.059380,161.519745 44.143265,163.790405 40.167889,163.792603 
	C43.351753,142.781647 48.177265,122.879135 59.657028,104.987663 
	C55.626286,106.898743 52.090794,109.090958 49.038567,111.941818 
	C46.879211,113.958710 44.140778,115.564682 43.365459,118.719666 
	C40.316471,131.126831 36.947094,143.470032 34.389324,155.978622 
	C32.228825,166.544373 31.025406,177.305847 29.251308,188.881271 
M106.267006,268.378296 
	C106.949326,276.656219 107.878029,284.922821 108.258026,293.214600 
	C108.876495,306.709839 112.211639,319.139252 121.341591,329.486267 
	C122.449104,330.741425 122.188950,332.208801 122.757820,333.680969 
	C125.080460,333.200836 127.325058,332.471344 129.608215,332.318726 
	C134.786499,331.972565 135.657059,329.645905 134.425110,324.811951 
	C129.280380,304.624847 128.140717,283.883698 126.400352,263.225433 
	C124.736176,243.471527 124.408981,223.757324 125.765282,203.943832 
	C127.581741,177.408127 129.575958,150.925323 134.950821,124.820618 
	C135.363251,122.817436 135.169739,121.233276 132.900848,121.331978 
	C128.285172,121.532745 123.841660,119.454048 118.841637,120.362175 
	C121.384247,121.744072 123.900475,122.778465 120.907593,125.866737 
	C115.428291,131.520676 112.335732,138.510162 110.442406,146.028595 
	C105.688652,164.905853 105.959961,184.296295 105.319244,203.515518 
	C104.609741,224.798141 104.799515,246.129410 106.267006,268.378296 
M429.981842,82.438110 
	C463.595581,83.396889 497.209320,84.355667 531.259949,85.326904 
	C530.305969,81.427925 529.920105,78.275528 525.625732,78.003494 
	C512.850220,77.194199 500.092712,75.928734 487.306183,75.504425 
	C468.334656,74.874886 449.343414,74.860596 430.362274,74.494354 
	C418.892365,74.273056 407.427216,73.699890 395.957275,73.606102 
	C375.304474,73.437233 354.612823,72.722755 334.005463,73.688660 
	C310.375153,74.796257 286.814697,75.214500 263.183716,74.116348 
	C233.565720,72.739975 203.931595,72.696091 174.323074,74.683090 
	C168.683136,75.061577 163.001862,75.141029 157.413544,75.901474 
	C147.723511,77.220085 138.125748,79.235687 128.426590,80.463898 
	C113.874718,82.306618 99.971802,86.329964 86.375923,91.700081 
	C90.479225,91.953545 94.362381,92.727303 98.001480,94.520569 
	C98.914841,94.970634 99.824768,95.579308 100.654327,94.516594 
	C102.546211,92.092995 105.444046,92.312424 107.971931,91.872208 
	C126.840591,88.586395 145.905197,86.966759 164.992661,85.750237 
	C180.747772,84.746101 196.563156,84.605118 212.298416,83.389832 
	C243.226990,81.001106 274.222260,82.144333 305.178314,81.248177 
	C332.453796,80.458572 359.784332,81.575180 387.090607,81.843376 
	C401.081329,81.980797 415.072144,82.103706 429.981842,82.438110 
M536.679016,306.499756 
	C536.664551,293.010315 536.670349,279.520813 536.628235,266.031464 
	C536.602905,257.920258 530.616272,250.387772 522.677917,249.205399 
	C515.967285,248.205872 509.309967,246.689911 502.387726,247.110382 
	C496.074219,247.493866 496.031036,247.245193 495.976135,253.594818 
	C495.832275,270.231689 495.466705,286.869812 495.591797,303.504395 
	C495.652039,311.518280 494.468353,319.422729 494.354553,327.404572 
	C494.315552,330.137726 495.198395,331.960175 498.025848,332.411926 
	C509.007751,334.166656 519.996033,335.881439 530.979370,337.627075 
	C535.475891,338.341736 536.838684,336.243439 536.729919,331.978912 
	C536.522034,323.824127 536.678345,315.660095 536.679016,306.499756 
M425.509857,341.154022 
	C417.979950,342.350311 410.029785,339.769257 402.644440,343.110168 
	C405.616486,353.871674 411.373108,359.760223 419.292542,359.784729 
	C457.931976,359.904205 496.571869,359.861267 535.211487,359.929779 
	C539.073608,359.936615 541.017273,358.320496 541.183228,354.412109 
	C537.289062,352.168121 533.091248,351.746368 529.099976,350.733307 
	C508.785736,345.577148 488.397430,340.537384 467.313904,340.200562 
	C453.690887,339.982880 440.051392,340.798309 425.509857,341.154022 
M406.752045,102.293716 
	C405.704681,104.172180 404.564270,106.005623 403.629639,107.938583 
	C401.761780,111.801590 402.305359,113.941879 407.319641,114.341949 
	C416.599152,115.082336 425.903503,115.161827 435.187042,115.679291 
	C462.539490,117.203880 489.591309,114.575386 516.138428,107.648285 
	C523.614990,105.697365 531.346191,104.598289 538.610779,101.837868 
	C538.494995,96.832603 535.691406,96.174377 531.898376,96.182281 
	C495.122894,96.258858 458.346771,96.329308 421.572113,96.143890 
	C415.805786,96.114815 411.205872,97.826096 406.752045,102.293716 
M469.051941,160.815536 
	C468.694458,157.931931 469.521698,154.911621 468.122375,151.603226 
	C464.218811,154.784866 459.845734,154.176483 455.587250,154.211975 
	C451.594299,154.245255 447.569916,153.907059 443.614136,154.293365 
	C435.508881,155.084930 428.699585,153.851547 425.786621,144.930695 
	C425.638580,144.477295 425.303131,144.036423 424.946259,143.707718 
	C422.386841,141.350052 419.272064,142.367111 416.369629,142.484360 
	C415.006653,142.539429 414.808289,143.853287 414.821136,145.160614 
	C414.973328,160.630005 415.078766,176.099899 415.181061,191.569748 
	C415.192627,193.314896 415.268524,195.037155 417.427765,195.429443 
	C419.715271,195.845062 421.496826,194.735138 422.240021,192.724533 
	C423.477722,189.376312 425.998688,186.844254 427.497406,183.691071 
	C428.262939,182.080368 429.431671,180.920197 431.316559,180.942947 
	C443.679230,181.092102 456.123352,179.342102 469.158752,182.526855 
	C469.158752,175.564804 469.158752,168.615387 469.051941,160.815536 
M454.877686,277.490265 
	C448.896088,277.535980 442.905762,277.400665 436.935913,277.689087 
	C432.726288,277.892487 430.296783,276.278381 428.430939,272.479218 
	C424.983673,265.459961 423.847382,265.130829 415.825470,266.450623 
	C415.654785,266.731445 415.335632,267.011749 415.334656,267.293152 
	C415.278595,283.093384 415.244324,298.893646 415.223938,314.693939 
	C415.221832,316.335907 415.730499,317.721527 417.650208,317.860260 
	C419.544250,317.997131 421.301910,317.738708 422.333344,315.776611 
	C423.803497,312.979858 425.398865,310.248169 426.837494,307.435883 
	C427.761658,305.629272 429.030792,304.661926 431.137970,304.656616 
	C443.538513,304.625427 455.948700,303.997284 468.541016,305.364410 
	C468.541016,295.367035 468.541016,285.385559 468.541016,274.645813 
	C464.196259,277.886230 459.904175,277.789978 454.877686,277.490265 
M556.104736,199.623734 
	C572.946350,187.753418 575.692383,167.602234 569.324341,150.054291 
	C564.626038,137.107620 549.740479,126.141869 539.400757,127.382729 
	C540.108093,131.322006 543.557007,134.284164 543.362122,138.483398 
	C542.322815,160.879227 546.627747,183.495850 540.594910,205.688751 
	C540.566040,205.794861 540.750610,205.958969 541.366211,206.952164 
	C546.003662,204.730408 551.363892,203.836395 556.104736,199.623734 
M390.149567,243.009521 
	C405.428833,243.105225 420.708099,243.248886 435.987427,243.262543 
	C439.752106,243.265915 440.565552,240.423553 440.616180,237.388397 
	C440.713440,231.560608 440.657806,225.730225 440.657349,219.900909 
	C440.657043,216.243073 438.836761,214.283066 435.161163,214.277313 
	C420.340271,214.254074 405.519287,214.276459 390.698334,214.274612 
	C387.166412,214.274170 385.420837,216.302444 385.340027,219.551132 
	C385.186890,225.706833 385.248138,231.871063 385.369263,238.028824 
	C385.419373,240.574844 386.545532,242.536713 390.149567,243.009521 
M536.278809,203.746460 
	C538.208557,200.991211 539.944824,198.102676 539.950073,194.631577 
	C539.974243,178.659393 541.832642,181.669250 527.061890,181.195557 
	C523.531006,181.082321 522.134888,182.795486 522.299194,185.992172 
	C522.526672,190.416306 520.825867,194.471954 520.066895,198.700546 
	C519.280640,203.081512 517.040588,207.002563 512.113647,206.878922 
	C507.496002,206.763062 505.630249,202.929413 504.666382,198.746231 
	C500.724426,181.638855 501.586395,164.409729 503.126221,147.135254 
	C503.620422,141.591003 504.560699,136.136017 506.176086,130.839569 
	C503.155487,129.746384 500.978607,131.146561 498.700470,131.205536 
	C493.635681,131.336639 492.093689,133.716827 492.195709,138.860535 
	C492.331512,145.708298 493.801605,152.372040 493.901215,159.217697 
	C494.121185,174.333923 494.164886,189.470032 495.657196,204.544540 
	C496.040100,208.412567 496.690369,211.514740 501.575134,208.406143 
	C502.810028,207.620255 504.124451,208.315414 505.434845,208.454514 
	C515.872925,209.562469 526.341675,210.695068 536.278809,203.746460 
M605.153809,185.285278 
	C605.900757,193.053940 607.068359,200.808945 607.321289,208.593674 
	C608.389038,241.454147 605.893188,274.071869 600.276611,306.476654 
	C598.166321,318.652039 595.414978,330.319214 584.514221,337.996002 
	C581.838989,339.880005 579.082397,341.648438 576.254395,343.542908 
	C582.156128,346.729584 587.966064,345.180542 592.940796,339.198578 
	C597.491028,333.727051 600.186035,327.241394 602.504639,320.638947 
	C607.337219,306.877075 609.010925,292.536469 610.366699,278.082001 
	C612.706970,253.132217 611.897156,228.169220 611.238953,203.213974 
	C610.826416,187.572342 608.176453,172.096954 606.482666,156.552658 
	C605.230774,145.063538 603.230103,133.772827 595.973572,124.211472 
	C594.955566,122.870140 594.175293,121.241432 592.030273,120.816063 
	C600.754761,141.425278 602.080872,163.073212 605.153809,185.285278 
M824.691833,246.364914 
	C824.641968,228.739105 825.560181,211.081390 822.680725,193.556808 
	C821.198669,184.537186 821.516968,174.741241 810.420654,169.023346 
	C817.629761,211.402817 815.174438,253.169373 810.194397,295.246796 
	C816.636902,293.653320 819.335144,290.787567 820.627991,283.985962 
	C822.928406,271.883881 823.871155,259.607330 824.691833,246.364914 
M382.351196,140.396317 
	C382.322540,142.308731 382.410828,144.207947 384.859833,144.567200 
	C390.071503,145.331711 390.930847,149.141495 390.970978,153.381729 
	C391.087433,165.690460 391.135803,178.000076 391.147034,190.309418 
	C391.150665,194.308868 389.693146,197.535492 385.515350,198.714310 
	C382.213318,199.646011 382.340271,201.963623 382.632263,204.611465 
	C382.953278,207.522461 383.977631,210.196060 387.099609,210.356842 
	C393.567810,210.689957 400.093750,210.853561 406.538025,210.348160 
	C410.500519,210.037399 411.634033,206.513596 411.568665,202.878937 
	C411.506958,199.449341 409.354980,198.266098 406.258331,198.399231 
	C397.976501,198.755310 392.979706,191.331757 393.007812,184.549805 
	C393.051178,174.078796 392.931488,163.602600 393.229492,153.138550 
	C393.467987,144.763687 398.497772,139.737762 406.855713,138.809540 
	C408.468414,138.630432 410.184326,138.934204 411.170044,137.035583 
	C414.066467,131.456757 409.691315,124.332680 403.418396,124.437218 
	C400.269196,124.489716 397.114227,124.496147 393.967987,124.370491 
	C383.186493,123.939873 382.453583,124.630020 382.413147,135.603531 
	C382.408264,136.933472 382.345276,138.263229 382.351196,140.396317 
M385.756226,272.429352 
	C380.342163,270.016693 374.697998,270.922546 369.150055,271.524170 
	C366.825775,271.776215 366.263763,274.058167 366.252960,276.180054 
	C366.188629,288.825317 366.163208,301.470764 366.104797,314.116089 
	C366.089813,317.362915 367.656067,319.151001 370.894897,319.205597 
	C374.046448,319.258759 377.201630,319.107605 380.355042,319.039276 
	C386.005280,318.916840 386.951111,317.994263 387.000275,312.240295 
	C387.099609,300.613312 387.135498,288.985809 387.224609,277.358704 
	C387.236328,275.825562 387.012268,274.381073 385.756226,272.429352 
M382.355255,195.547089 
	C386.356567,195.329437 387.102478,192.725739 387.114960,189.344681 
	C387.159058,177.389206 387.294739,165.434052 387.409485,153.478897 
	C387.447357,149.534241 385.413300,147.621857 381.580109,147.664215 
	C377.922791,147.704605 374.268311,147.955368 370.611084,148.063278 
	C367.834595,148.145187 366.209717,149.352753 366.210846,152.289490 
	C366.215790,165.269196 366.222504,178.248886 366.225220,191.228592 
	C366.225769,193.826035 367.336761,195.266174 370.108856,195.286453 
	C373.930573,195.314438 377.751373,195.471939 382.355255,195.547089 
M389.848999,248.032852 
	C383.500000,248.628250 382.459015,249.717010 382.395691,256.062531 
	C382.370789,258.557587 382.658691,261.062805 382.521149,263.547760 
	C382.381012,266.080353 383.113068,267.623199 385.766937,268.243469 
	C389.408386,269.094574 390.869446,271.861969 390.913483,275.316223 
	C391.077026,288.136322 391.191559,300.958008 391.175690,313.778870 
	C391.171051,317.511017 389.781128,320.827148 385.785065,321.853912 
	C381.760742,322.887909 382.494324,325.858643 382.546814,328.605804 
	C382.601288,331.457977 384.407990,332.524628 387.003601,333.050323 
	C393.298798,334.325470 399.628387,333.473877 405.924072,333.402588 
	C409.383362,333.363403 410.966492,330.739136 411.074463,327.211365 
	C411.180664,323.742889 409.909088,322.336731 406.255768,321.886444 
	C397.621582,320.822266 393.427460,316.820587 393.156982,308.812836 
	C392.769745,297.348328 392.569519,285.841156 393.635284,274.391815 
	C394.306244,267.183990 398.690735,262.996918 405.999054,262.518860 
	C409.483734,262.290924 411.628326,261.612183 411.462830,257.451294 
	C411.177124,250.268188 410.173218,248.335983 405.258759,248.119202 
	C400.439209,247.906616 395.604370,248.041351 389.848999,248.032852 
M456.965332,248.008591 
	C444.160980,248.363708 431.301422,247.257568 418.370361,248.653351 
	C418.824097,252.633255 421.381195,254.636566 422.552887,257.285187 
	C424.693359,262.123901 428.359161,262.842651 433.027344,262.706055 
	C441.170929,262.467743 449.327545,262.718292 457.476746,262.611755 
	C461.279877,262.562073 464.749115,263.164124 467.613281,265.880005 
	C469.106598,267.296021 470.590149,267.915863 472.283569,266.018158 
	C475.392212,262.534515 478.548279,259.143250 479.866486,254.450897 
	C481.112854,250.014160 480.334259,248.458878 475.803802,248.250992 
	C469.828217,247.976791 463.836700,248.050598 456.965332,248.008591 
M425.183411,124.345459 
	C423.687164,124.362885 422.189972,124.353127 420.694916,124.405167 
	C419.114441,124.460197 418.229645,125.171700 418.369812,126.902832 
	C418.734192,131.402466 426.596741,138.748520 431.159607,138.772888 
	C438.141052,138.810196 445.128113,138.990051 452.102692,138.777191 
	C458.759186,138.574020 465.049164,139.206024 469.956116,144.126175 
	C473.564850,141.616608 477.351471,137.130997 479.095734,133.444031 
	C482.283203,126.706436 480.759003,124.066307 473.346130,124.370697 
	C457.565277,125.018654 441.794861,124.563171 425.183411,124.345459 
M485.238373,130.282516 
	C483.830261,130.011902 483.641571,131.125397 483.297089,132.022644 
	C481.543915,136.589035 478.977325,140.686386 475.567719,144.140396 
	C472.906616,146.836136 471.923950,149.857101 471.976929,153.559341 
	C472.112518,163.039413 472.037964,172.522385 472.072632,182.004120 
	C472.078644,183.645172 471.606873,185.540527 472.890564,186.798660 
	C477.987305,191.793884 482.300995,197.306595 484.408051,204.983124 
	C487.444061,201.882507 487.228943,198.924088 487.169922,196.267334 
	C486.737427,176.806625 486.852051,157.349991 487.168365,137.890182 
	C487.208069,135.448257 487.145325,132.885712 485.238373,130.282516 
M486.980865,274.852783 
	C486.147430,267.746918 488.646423,260.254333 484.932434,252.705307 
	C482.761414,256.719910 481.728333,260.704132 479.171356,262.964569 
	C471.879852,269.410492 471.513489,277.504089 472.049561,286.130432 
	C472.235138,289.116211 472.208984,292.127991 472.073029,295.118500 
	C471.708344,303.140198 471.478058,310.813782 478.664551,316.855621 
	C481.562866,319.292297 482.807709,323.695679 484.805023,327.204010 
	C485.353363,327.139893 485.901672,327.075745 486.449982,327.011597 
	C487.375977,309.934387 486.976227,292.810303 486.980865,274.852783 
M441.211426,198.475021 
	C436.241791,198.439148 431.271759,198.428665 426.302734,198.353760 
	C424.543030,198.327225 422.972534,198.587280 422.015900,200.264496 
	C420.321411,203.235367 418.338806,206.093079 417.945953,209.659409 
	C418.601532,209.999786 419.028046,210.414429 419.455505,210.415359 
	C438.562622,210.457077 457.670105,210.516144 476.776733,210.418121 
	C479.887421,210.402161 481.179749,208.222763 480.569427,205.252686 
	C479.368408,199.407486 476.864410,194.327576 471.177216,190.608612 
	C467.826691,197.263824 462.131012,199.003265 455.332214,198.647125 
	C450.867157,198.413239 446.382996,198.544785 441.211426,198.475021 
M404.717896,142.454193 
	C399.903229,144.171738 396.605591,147.529907 396.445679,152.614471 
	C396.106140,163.409912 396.157043,174.227020 396.398743,185.027390 
	C396.520020,190.446304 400.929382,194.782806 406.142548,195.472641 
	C409.497711,195.916611 411.691895,195.003006 411.564697,191.029175 
	C411.112610,176.904984 412.080536,162.775360 411.224243,148.635986 
	C410.962677,144.316711 410.050781,142.012817 404.717896,142.454193 
M445.581604,333.464783 
	C447.892365,333.006378 450.200806,333.223022 452.536682,333.294403 
	C459.829620,333.517334 467.138916,333.756409 474.424561,333.499512 
	C480.522888,333.284485 481.664124,331.283478 479.783691,325.419434 
	C478.332611,320.894379 475.821472,317.119263 471.790161,314.507751 
	C463.094574,322.152710 463.094574,322.154022 450.753571,322.140869 
	C443.426422,322.133057 436.082367,322.421051 428.777802,322.009369 
	C423.465179,321.709900 420.957062,324.136230 419.142578,328.708557 
	C417.651703,332.465454 418.668427,333.606476 422.397125,333.455994 
	C429.865448,333.154572 437.338379,332.657990 445.581604,333.464783 
M411.153992,307.196594 
	C412.465607,294.588837 410.755737,281.977936 411.204712,269.371155 
	C411.289917,266.979340 410.243439,266.233765 407.963013,266.100372 
	C401.141907,265.701538 396.568787,269.735931 396.380768,277.361328 
	C396.135254,287.319641 396.311432,297.293182 396.524963,307.255493 
	C396.608521,311.153259 397.687439,314.763611 401.400299,317.077301 
	C404.119598,318.771790 406.932556,318.489197 409.509094,317.419678 
	C411.733704,316.496277 410.882660,313.950134 411.032837,312.041016 
	C411.136902,310.718201 411.086945,309.383301 411.153992,307.196594 
M534.275574,82.319473 
	C535.421021,84.900642 536.534241,87.496674 537.717163,90.060524 
	C544.384338,104.510887 544.390015,104.508179 558.572876,97.406158 
	C558.869934,97.257385 559.162537,97.095604 559.470398,96.972908 
	C561.464355,96.178116 561.778320,94.824303 560.883972,92.981598 
	C556.528992,84.008125 552.360535,74.901596 544.487915,68.279564 
	C540.344971,64.794746 535.786743,62.256802 530.131287,62.182796 
	C526.593140,62.136494 525.513000,63.477219 527.030762,66.729370 
	C529.348328,71.695480 531.671570,76.658981 534.275574,82.319473 
M795.707764,141.317825 
	C789.218750,131.220001 782.249084,121.478806 774.351196,112.420753 
	C767.945374,105.073929 760.663513,98.777649 752.050110,94.161324 
	C745.210205,90.495468 738.106140,90.037270 730.359314,92.520851 
	C731.063232,93.534164 731.247009,94.100121 731.618652,94.281853 
	C733.262634,95.085739 734.949829,95.805122 736.640686,96.508591 
	C752.751709,103.211594 766.526306,112.596268 774.282898,128.999420 
	C777.916504,136.683426 785.029236,140.053391 792.328003,143.059448 
	C793.543152,143.559937 795.581055,144.940872 795.707764,141.317825 
M541.941223,362.558197 
	C536.635925,374.596893 530.444641,386.267181 525.532166,399.491302 
	C531.973755,399.599121 536.416443,397.738586 540.537537,394.844482 
	C550.002197,388.197662 555.402771,378.467804 560.456238,368.488617 
	C561.665283,366.101166 561.084534,364.390076 558.385620,363.489197 
	C554.602661,362.226532 550.813599,360.958923 547.114868,359.474915 
	C544.385071,358.379669 543.059021,359.509399 541.941223,362.558197 
M529.770874,125.542404 
	C525.539917,126.560928 520.847717,125.904221 516.820251,129.003052 
	C519.872559,133.107773 520.994324,137.808243 521.824341,142.488876 
	C523.923645,154.327621 523.792236,154.268127 535.632751,153.739075 
	C538.502502,153.610825 539.779053,152.525589 540.255493,149.748611 
	C541.689514,141.389969 539.155090,134.032043 534.909485,127.041374 
	C533.838257,125.277626 532.143127,125.505920 529.770874,125.542404 
M549.142334,281.383545 
	C547.248413,275.871399 546.024048,270.005035 540.636353,264.884491 
	C540.636353,274.309784 540.636353,282.513641 540.636353,290.976288 
	C545.870605,291.939423 547.385071,295.444183 547.107056,300.428589 
	C546.801514,305.905945 546.807739,311.405334 546.834595,316.894348 
	C546.846008,319.227448 546.377380,321.800354 544.480225,322.621826 
	C538.993042,324.997864 540.495605,329.588776 540.270447,333.704437 
	C540.134094,336.197632 540.353943,338.395599 543.540771,338.876129 
	C546.553772,339.330414 548.352051,338.002625 549.248596,335.290680 
	C549.821106,333.559143 550.600281,331.754913 550.581299,329.990906 
	C550.409119,314.043182 551.826965,298.051422 549.142334,281.383545 
M466.261475,191.817032 
	C468.553833,187.013474 466.973419,184.415543 461.340210,184.370804 
	C453.369232,184.307465 445.395844,184.638290 437.423279,184.650192 
	C430.029236,184.661240 427.002380,187.354309 426.206482,195.356247 
	C437.659363,195.626617 449.071960,195.612991 460.481506,194.930634 
	C462.548798,194.806976 464.264099,193.760956 466.261475,191.817032 
M436.171051,318.232422 
	C443.450134,318.561035 450.733643,317.454285 458.011230,318.300354 
	C459.894440,318.519318 461.686401,318.083588 463.288391,317.183807 
	C465.466187,315.960541 468.090942,314.540649 467.595886,311.685852 
	C467.042389,308.494110 464.091248,308.116455 461.296021,308.122894 
	C453.657837,308.140442 446.019440,308.130890 438.381500,308.182587 
	C429.654114,308.241638 428.851440,308.898468 426.086060,318.172363 
	C429.266174,318.172363 432.343414,318.172363 436.171051,318.232422 
M528.783508,157.215561 
	C524.753113,156.745209 522.922974,158.435898 523.197449,162.578827 
	C523.383057,165.380600 523.211487,168.205551 523.212585,171.020126 
	C523.215088,177.718826 523.218140,177.718842 530.150452,177.681915 
	C540.825378,177.625046 540.825378,177.625031 540.136780,167.164337 
	C539.485229,157.265717 539.485168,157.265717 528.783508,157.215561 
M447.849060,151.125488 
	C452.501709,151.010040 457.168762,151.071442 461.800232,150.695206 
	C463.752472,150.536606 465.943176,149.438828 466.183441,147.200897 
	C466.446838,144.747498 464.089111,144.114136 462.289917,143.291199 
	C459.109589,141.836487 455.719360,142.469604 452.423737,142.421936 
	C444.708069,142.310333 436.989685,142.386230 428.968842,142.386230 
	C432.624237,151.417267 433.268372,151.839691 441.562286,151.365540 
	C443.389435,151.261093 445.220398,151.222549 447.849060,151.125488 
M460.865143,273.774811 
	C463.617249,273.719482 465.592316,272.616119 466.750671,268.934448 
	C454.591431,263.123566 441.843170,267.810333 429.556427,265.548553 
	C430.514465,271.651398 432.605927,273.701538 437.513855,273.747437 
	C445.004486,273.817474 452.496033,273.790710 460.865143,273.774811 
M476.234680,232.745682 
	C468.695190,235.078903 460.938660,233.872330 453.272827,234.203583 
	C448.841919,234.395035 446.395844,233.130646 446.419647,228.107132 
	C446.442841,223.208023 449.418610,222.722656 453.006897,222.796539 
	C460.510040,222.951004 468.055969,221.828857 475.549042,223.997650 
	C475.805298,220.299164 473.557953,220.137466 471.322601,220.093796 
	C466.334351,219.996353 461.304352,219.555725 456.368683,220.041122 
	C452.502777,220.421326 447.543762,217.460754 445.082306,220.855408 
	C442.810974,223.987793 444.501190,228.917511 444.196686,233.043182 
	C443.933990,236.602112 445.537598,237.441757 449.013000,237.289856 
	C456.303802,236.971237 463.630249,237.024734 470.921661,237.363678 
	C474.261505,237.518921 476.044312,236.641159 476.234680,232.745682 
M53.478313,131.073242 
	C58.114433,115.279228 67.304474,103.159378 82.448578,95.827293 
	C72.716812,96.831055 66.067413,102.190979 60.846027,109.744904 
	C51.819534,122.803787 48.692741,137.947540 45.516068,153.081284 
	C49.275345,146.433182 50.726124,138.939957 53.478313,131.073242 
M55.997955,330.214203 
	C53.614651,322.241333 51.753262,314.087311 47.945843,306.607941 
	C50.013741,320.008270 53.835415,332.860321 60.682617,344.587524 
	C66.586578,354.699188 74.624153,361.972870 87.279770,361.828735 
	C84.727127,361.233643 82.358307,360.148376 80.015114,358.902466 
	C68.383232,352.717804 61.490368,342.559875 55.997955,330.214203 
M520.535400,244.249313 
	C523.287598,242.568130 524.314758,240.131897 523.355774,237.071411 
	C522.737671,235.098846 521.416626,233.637451 519.212341,233.250381 
	C516.689453,232.807373 514.643372,233.637039 513.113647,235.639984 
	C511.671387,237.528427 511.517822,239.694733 512.650635,241.692902 
	C514.219727,244.460663 516.734436,245.378494 520.535400,244.249313 
M514.113953,223.334518 
	C516.729431,225.121979 519.352112,225.367661 521.805237,223.123825 
	C523.701355,221.389511 524.128235,219.175964 523.253174,216.780106 
	C522.098877,213.619598 518.433838,211.973099 515.636414,213.290649 
	C511.910919,215.045319 511.190979,218.306076 514.113953,223.334518 
M454.069275,230.649490 
	C459.755402,230.649490 465.441559,230.649490 471.107758,230.649490 
	C471.078644,227.124374 469.475037,226.584290 467.747314,226.540207 
	C462.936951,226.417511 458.122772,226.434326 453.310028,226.422104 
	C452.105194,226.419037 450.769257,226.604767 450.508881,227.977570 
	C450.123352,230.010498 451.623779,230.478531 454.069275,230.649490 
M475.510010,240.926178 
	C465.216553,240.926178 454.923065,240.926178 444.629608,240.926178 
	C444.642517,241.432220 444.655426,241.938263 444.668335,242.444305 
	C456.092468,242.444305 467.516571,242.444305 479.051025,242.444305 
	C478.638397,240.138062 477.385681,240.601028 475.510010,240.926178 
M490.966156,233.270187 
	C492.638336,231.226700 491.671570,228.857864 491.740356,226.629730 
	C491.779999,225.346100 491.033203,224.449997 489.708710,224.254349 
	C488.400421,224.061081 486.791901,223.831314 486.140930,225.161942 
	C485.109924,227.269333 485.364166,229.688339 485.883667,231.876099 
	C486.422638,234.145920 488.377441,234.124329 490.966156,233.270187 
M552.388000,118.619743 
	C557.483887,117.593536 562.579712,116.567322 568.732971,115.328178 
	C560.985596,113.228195 550.777161,115.104134 546.932007,118.978867 
	C548.635315,118.861572 550.106934,118.760231 552.388000,118.619743 
M510.849762,191.370712 
	C511.285278,192.933868 511.720825,194.497025 512.256653,196.420059 
	C515.482361,186.110031 515.219177,182.320053 511.127014,180.352814 
	C510.883820,180.958176 510.444397,181.549866 510.442230,182.143158 
	C510.431854,184.967377 510.540405,187.792038 510.849762,191.370712 
M513.108765,139.981461 
	C509.684937,144.542038 509.446808,150.213608 513.000854,155.003143 
	C516.243347,149.937332 513.304260,145.113983 513.108765,139.981461 
M489.274170,204.410599 
	C488.733337,206.224991 486.629547,207.466171 487.257477,209.789917 
	C489.769897,211.090790 491.666077,210.641541 491.802246,207.659424 
	C492.030457,202.659683 491.864685,197.641937 491.864685,192.631775 
	C490.623535,196.352646 490.709320,200.122452 489.274170,204.410599 
M482.098755,214.905838 
	C476.290741,213.297272 470.565582,214.724579 464.801300,214.951782 
	C468.201752,216.172653 471.893219,215.132736 475.068085,216.664536 
	C477.884796,218.023560 479.774048,216.922867 482.098755,214.905838 
M541.841858,298.749298 
	C540.807495,305.180450 541.324219,311.557434 542.115723,317.928772 
	C542.760498,311.534607 543.381531,305.156464 541.841858,298.749298 
M415.194092,260.610962 
	C416.518768,263.800201 419.057648,261.567261 421.530487,262.589386 
	C420.243439,258.714142 418.375031,256.248779 415.962860,253.831940 
	C414.605713,255.986572 415.250031,257.984894 415.194092,260.610962 
M512.934692,174.798187 
	C513.172241,175.010361 513.389465,175.352982 513.653687,175.394180 
	C513.872253,175.428284 514.340393,175.133484 514.367493,174.938477 
	C515.078552,169.821854 515.008667,164.727097 514.634094,159.645142 
	C513.989136,159.642136 513.344116,159.639130 512.699158,159.636124 
	C512.699158,164.508163 512.699158,169.380188 512.934692,174.798187 
M417.410706,138.693146 
	C418.534302,138.608841 420.422516,138.835861 420.283051,137.514252 
	C419.969421,134.542191 417.946228,132.341766 415.288147,129.401443 
	C415.423615,133.248840 413.761261,136.203323 417.410706,138.693146 
M495.978302,223.200348 
	C495.903503,227.696442 494.811920,232.296158 497.252441,237.725616 
	C497.252441,231.275116 497.252441,226.040100 497.252441,220.805084 
	C496.978546,220.796112 496.704651,220.787140 496.430756,220.778168 
	C496.284637,221.357681 496.138519,221.937195 495.978302,223.200348 
M447.501892,215.813416 
	C451.901794,215.813416 456.301727,215.813416 460.701630,215.813416 
	C456.044647,213.972473 451.309631,214.150925 446.626038,214.496964 
	C444.783661,214.633102 445.459686,215.507324 447.501892,215.813416 
z"/>
<path fill="#000000" opacity="1.000000" stroke="none" 
	d="
M629.603760,259.012390 
	C627.423401,270.818481 626.417480,282.424957 623.357849,293.696259 
	C618.773987,310.582458 613.384216,327.180481 606.532715,343.282257 
	C604.223633,348.708923 605.039246,351.301697 610.603943,353.241455 
	C617.413086,355.615021 624.575500,356.436615 631.704956,356.613190 
	C651.525024,357.104095 671.353210,356.720917 691.136841,355.478668 
	C706.685730,354.502319 722.204773,352.242615 737.705444,351.696716 
	C746.239380,351.396149 751.932312,347.951019 757.676819,343.334595 
	C763.672180,338.516510 768.562622,332.698608 771.587341,325.360382 
	C775.072754,316.904724 782.632874,313.251740 790.775757,310.778320 
	C794.149292,309.753571 798.683167,306.787476 801.015930,309.826019 
	C803.547485,313.123383 798.836731,316.065369 797.006470,318.992126 
	C788.401428,332.752167 778.468323,345.456848 766.281799,356.245911 
	C755.245605,366.016602 742.867554,371.469971 727.807007,367.004700 
	C724.610657,366.057007 724.530212,365.882568 722.436768,362.839111 
	C726.346863,359.170319 732.141846,359.033325 737.627441,354.980042 
	C731.487183,355.520203 726.812927,355.957001 722.134094,356.338013 
	C709.721191,357.348663 697.319763,358.582062 684.888428,359.264771 
	C671.269104,360.012726 657.638611,360.625671 643.976135,360.414886 
	C634.474670,360.268250 625.062195,359.385864 615.677368,358.113068 
	C613.244019,357.783081 610.833496,356.866089 608.555359,355.886444 
	C600.615234,352.472168 599.939758,350.195007 603.314026,342.186615 
	C614.601746,315.397125 623.172668,287.878052 625.989929,258.747742 
	C627.142334,246.832016 628.982361,234.980743 628.628540,222.964294 
	C628.211975,208.815125 626.229553,194.829681 624.250427,180.835220 
	C620.875000,156.968094 613.905762,134.120132 605.249878,111.710236 
	C602.989258,105.857475 604.388550,103.259537 609.974121,100.609283 
	C615.227783,98.116508 620.891418,97.313232 626.475586,97.049706 
	C638.437866,96.485191 650.410522,96.436836 662.407654,97.334023 
	C673.511780,98.164436 684.623413,98.853920 695.687195,100.128700 
	C709.380005,101.706375 723.073792,103.285545 736.740051,105.071396 
	C738.688538,105.326012 741.188904,105.132591 742.451965,107.386322 
	C741.990234,108.994896 740.828430,108.849281 739.622437,108.719299 
	C721.453308,106.761116 703.173706,105.511169 685.141602,102.682449 
	C664.579285,99.456787 643.997253,100.650772 623.412170,100.483887 
	C618.640015,100.445198 613.383728,101.327545 609.790039,104.615356 
	C604.926208,109.065300 609.980347,113.637924 611.377441,117.677124 
	C616.494934,132.472687 621.535950,147.309341 624.560059,162.648544 
	C628.120361,180.707169 630.999634,198.870407 631.426575,217.416519 
	C631.744812,231.240158 630.976074,244.920135 629.603760,259.012390 
M781.991150,318.456055 
	C778.560486,320.460358 776.080688,323.405426 774.517334,326.949493 
	C768.928833,339.618469 758.725891,347.536377 747.303284,354.488373 
	C741.625488,357.944000 735.280701,359.882141 729.025879,363.204010 
	C730.061340,363.802185 730.563721,364.215332 731.139893,364.406891 
	C740.149109,367.402588 748.208496,364.759521 755.724731,359.911743 
	C772.801025,348.897919 784.218384,332.704895 795.254089,316.199921 
	C795.773010,315.423920 796.398499,314.467987 795.252625,313.286102 
	C790.520935,313.217346 786.658936,315.903046 781.991150,318.456055 
z"/>
<path fill="#000000" opacity="1.000000" stroke="none" 
	d="
M699.684448,333.899597 
	C685.745483,336.620178 672.563721,340.882599 658.864136,342.748322 
	C644.904480,344.649536 630.965088,346.865021 616.794556,345.472687 
	C615.214600,345.317444 613.360474,345.731293 612.486450,343.771637 
	C612.639954,342.170044 613.792786,341.823090 614.983521,342.028015 
	C631.120972,344.805573 646.826538,341.059021 662.476501,338.370117 
	C693.286499,333.076477 723.282349,324.377563 753.249451,315.556763 
	C768.405151,311.095703 783.398010,306.125824 798.575439,301.753784 
	C799.687744,301.433380 800.836121,300.932800 801.636963,302.313660 
	C798.957886,306.082764 731.806519,326.874237 699.684448,333.899597 
z"/>
<path fill="#000000" opacity="1.000000" stroke="none" 
	d="
M804.940674,158.752472 
	C778.148315,150.730927 751.860657,142.250244 725.254639,134.925934 
	C702.839050,128.755219 680.253784,123.195892 657.158142,119.689163 
	C644.554077,117.775429 632.160583,116.781219 619.531860,118.000053 
	C618.986816,118.052658 618.394531,117.616951 617.502075,117.291077 
	C619.283447,113.665688 622.651428,114.018272 625.272095,113.893227 
	C637.265503,113.320946 649.111511,114.633095 660.876526,117.106766 
	C671.109009,119.258224 681.556030,120.463570 691.704895,122.925377 
	C728.567261,131.867020 764.963135,142.487762 801.022949,154.254837 
	C802.601807,154.770050 804.247986,155.242249 805.651794,156.085739 
	C807.111511,156.962799 807.412170,158.143539 804.940674,158.752472 
z"/>
<path fill="#000000" opacity="1.000000" stroke="none" 
	d="
M267.975433,119.967552 
	C271.401489,122.566826 274.927094,123.341972 279.125854,121.520256 
	C284.042084,119.387245 289.317566,120.693962 294.448975,120.698692 
	C307.613037,120.710831 320.777649,120.617592 333.940979,120.714081 
	C346.043884,120.802788 351.459625,126.634491 351.452789,138.609924 
	C351.442566,156.576981 351.777985,174.544022 351.851257,192.511520 
	C351.875549,198.469818 352.338135,204.613129 347.456482,209.692673 
	C351.206055,212.305328 351.589111,215.963882 351.524323,219.899506 
	C351.409424,226.877548 352.617981,234.099731 351.181854,240.769547 
	C349.814819,247.118729 351.019470,252.876770 351.273834,258.962952 
	C352.177551,280.585449 351.876923,302.233429 351.456360,323.873383 
	C351.352875,329.198303 348.114960,332.335724 344.171082,335.022827 
	C342.857300,335.917938 341.292633,336.444855 338.915131,337.584808 
	C351.175873,339.227142 362.462158,338.729156 373.697296,338.504333 
	C378.402313,338.410156 380.444183,340.062378 381.138092,344.386047 
	C381.876129,348.984589 382.547607,353.615326 383.683746,358.122223 
	C384.771942,362.439026 382.856384,363.482239 379.100525,363.500916 
	C353.277008,363.629395 327.453918,363.896362 301.630371,363.947113 
	C286.138458,363.977570 270.639435,364.361115 255.155472,363.315338 
	C249.427597,362.928467 248.582596,362.184326 250.152374,356.709564 
	C251.936035,350.488831 255.069672,345.092743 260.619568,341.343079 
	C262.055939,340.372620 264.003387,339.863281 264.797882,337.291656 
	C260.197510,337.085754 255.804230,336.873627 251.409332,336.703247 
	C250.299911,336.660248 249.659134,337.436127 248.976868,338.214417 
	C243.929459,343.972168 238.432953,349.392181 233.892761,355.522095 
	C229.788788,361.063049 224.772934,361.811218 218.605209,361.165009 
	C204.731415,359.711487 190.811707,358.698151 176.935547,357.264862 
	C162.732208,355.797760 148.558075,354.047241 134.372833,352.406403 
	C133.413483,352.295441 132.322632,352.361145 131.690659,350.779572 
	C132.887634,347.720398 136.246674,347.464722 138.829193,346.547485 
	C153.651138,341.283173 169.005157,338.816345 184.674652,337.510162 
	C202.117813,336.056061 219.555054,335.547028 237.034668,335.680450 
	C238.349823,335.690521 239.727829,335.810303 241.286346,334.456696 
	C240.807297,331.390808 240.400894,327.980255 239.710190,324.628296 
	C239.167801,321.996155 236.829620,322.296814 234.864197,322.172180 
	C225.117386,321.554047 223.766403,320.188904 223.724121,310.470184 
	C223.676285,299.472595 223.672363,288.474243 223.741440,277.476807 
	C223.787674,270.113098 226.260925,267.155975 233.543655,267.415985 
	C239.073380,267.613373 240.693756,265.549500 239.940155,260.561005 
	C239.890686,260.233582 239.888947,259.894531 239.903381,259.562561 
	C240.046982,256.259766 241.320648,252.423355 240.066757,249.788651 
	C238.465240,246.423416 234.012543,248.909286 230.901337,248.092819 
	C227.623657,247.232681 226.149048,244.875946 226.085754,241.886002 
	C225.909470,233.561310 225.945404,225.228592 226.087814,216.902283 
	C226.154343,213.012253 228.257233,210.774750 232.336044,210.612152 
	C234.962067,210.507446 237.581863,210.246063 240.205917,210.054794 
	C241.280945,206.942459 239.927658,204.234375 239.638794,201.500717 
	C239.381622,199.066986 237.049210,199.361435 235.259415,199.217148 
	C224.706528,198.366486 223.683105,197.251617 223.697815,186.849045 
	C223.712906,176.184082 223.626221,165.518799 223.680725,154.854141 
	C223.723190,146.541000 226.236649,143.744171 234.405960,144.341766 
	C239.273560,144.697830 240.163071,142.821198 239.974213,138.728165 
	C239.829315,135.587891 239.850906,132.369797 240.374191,129.283966 
	C241.351608,123.520172 244.433380,121.031158 250.274155,120.748245 
	C255.925613,120.474495 261.606689,121.104752 267.626648,120.101761 
	C268.014221,119.998260 267.975433,119.967552 267.975433,119.967552 
M238.653870,244.860764 
	C273.283630,244.843857 307.913422,244.795120 342.543060,244.850937 
	C346.801727,244.857803 348.531860,243.272614 348.366394,238.895111 
	C348.121918,232.429367 348.088013,225.928284 348.487640,219.474655 
	C348.778656,214.775482 346.764771,213.071198 342.464111,213.073441 
	C306.669525,213.092026 270.874908,213.126724 235.080414,213.083878 
	C230.844620,213.078796 228.970505,215.041687 228.931412,219.115814 
	C228.877243,224.764832 228.687668,230.415146 228.763290,236.062149 
	C228.872223,244.196625 229.447906,244.681198 238.653870,244.860764 
M379.063171,351.309723 
	C378.731110,349.512329 378.392975,347.716064 378.068481,345.917297 
	C377.624237,343.454285 376.348083,342.251373 373.656586,342.192841 
	C366.513824,342.037567 359.377991,341.431030 352.236542,341.376129 
	C333.107178,341.229004 313.976318,341.297150 294.846161,341.236725 
	C287.354034,341.213043 279.854187,341.262329 272.372406,340.940033 
	C263.330994,340.550568 253.319702,350.240356 253.607513,359.682495 
	C254.888550,359.750458 256.191467,359.879517 257.494415,359.880005 
	C295.792236,359.895020 334.090057,359.901031 372.387878,359.898315 
	C380.187500,359.897766 380.187500,359.879059 379.063171,351.309723 
M289.903625,272.482910 
	C287.486298,266.742920 283.362885,264.449005 277.227692,266.205933 
	C277.021118,266.461243 276.646393,266.707397 276.631989,266.973145 
	C275.758514,283.094116 276.401917,299.226044 276.308289,315.353210 
	C276.299469,316.874451 277.051819,317.953552 278.533539,318.255035 
	C280.461945,318.647430 282.284729,318.188965 283.353729,316.450104 
	C284.916290,313.908539 286.305695,311.256958 287.693146,308.612488 
	C288.821686,306.461487 290.056488,304.659088 292.894043,304.682037 
	C305.110107,304.780914 317.340363,304.059387 330.065216,305.329803 
	C329.589966,295.566040 330.861938,285.735199 329.554199,274.813965 
	C326.053955,277.625641 322.871918,277.363678 319.735626,277.365967 
	C312.585693,277.371155 305.427246,277.148682 298.289276,277.438202 
	C294.513367,277.591339 291.836304,276.608307 289.903625,272.482910 
M311.491089,154.209045 
	C309.993744,154.196091 308.478546,154.026840 307.002014,154.195847 
	C298.169373,155.206894 290.673218,153.920517 286.640808,144.462692 
	C285.241760,141.181305 281.446930,141.928635 278.551025,142.456131 
	C275.562836,143.000427 276.233643,145.792358 276.227325,147.793442 
	C276.181580,162.266434 276.265472,176.739807 276.288910,191.213089 
	C276.291931,193.078384 276.078094,195.042877 278.567627,195.512924 
	C280.757355,195.926361 282.556030,195.175659 283.648499,193.212646 
	C285.265533,190.307007 286.873077,187.386612 288.282043,184.377640 
	C289.404480,181.980621 291.094635,180.763000 293.724060,180.833176 
	C305.595062,181.149963 317.505737,179.808746 329.909546,181.759796 
	C329.884918,171.881210 330.533569,162.076706 329.633331,151.598175 
	C323.796753,155.268280 318.044617,153.934113 311.491089,154.209045 
M146.459915,347.564026 
	C145.573105,348.233490 144.115112,347.880066 143.424713,349.431549 
	C144.315277,349.824371 145.146820,350.434753 146.041229,350.547821 
	C154.594543,351.628998 163.143997,352.774078 171.722641,353.614044 
	C186.087784,355.020538 200.465240,356.323944 214.855667,357.435547 
	C219.076920,357.761627 224.068710,359.610016 227.461395,356.800385 
	C233.257874,352.000183 238.241196,346.188202 243.356247,339.170624 
	C210.395309,339.016876 178.397385,338.428253 146.459915,347.564026 
M271.504272,198.866226 
	C270.707245,198.681335 269.917267,198.377136 269.112122,198.329636 
	C258.717834,197.716415 254.696625,193.458267 254.645355,182.900238 
	C254.600128,173.590393 254.655548,164.279602 254.544632,154.970673 
	C254.430893,145.425964 258.893524,140.238205 268.472198,138.973434 
	C269.901825,138.784683 271.480835,138.954971 272.368378,137.299316 
	C275.279266,131.869263 271.586334,124.765099 265.446442,124.459572 
	C260.305328,124.203735 255.140137,124.315231 249.988831,124.420746 
	C246.326477,124.495758 243.532745,126.594521 243.638519,130.119492 
	C243.783264,134.943939 240.602127,141.332047 246.237854,144.213928 
	C250.447067,146.366364 252.020233,148.954758 252.075592,152.931503 
	C252.253830,165.735199 252.265701,178.542374 252.200195,191.347473 
	C252.184265,194.461395 251.241150,197.477005 247.723358,198.343857 
	C244.078094,199.242111 242.794159,201.354935 243.511353,204.891617 
	C244.277161,208.667938 246.473328,210.679749 250.457901,210.619919 
	C254.780457,210.554962 259.104584,210.591278 263.428040,210.589478 
	C271.868134,210.585968 273.809082,208.083649 271.504272,198.866226 
M269.145386,332.954071 
	C273.341034,331.107941 272.932343,327.420685 272.471222,323.961975 
	C272.016296,320.549927 269.055115,322.229492 267.189758,321.910645 
	C258.703033,320.459747 254.715027,315.906799 254.678574,307.287201 
	C254.635666,297.137543 254.598099,286.987457 254.641159,276.837921 
	C254.677414,268.291229 258.973114,263.231140 267.375824,262.702148 
	C272.421021,262.384491 272.847809,259.682892 272.671326,255.755630 
	C272.491333,251.749954 271.958984,248.334106 266.790802,248.358368 
	C260.965942,248.385712 255.140625,248.315369 249.315506,248.290726 
	C245.689560,248.275391 243.634323,250.096420 243.524628,253.698212 
	C243.413406,257.350281 243.652863,261.011688 243.629074,264.668274 
	C243.617401,266.462067 244.380341,267.586792 246.074829,267.896667 
	C251.122635,268.819855 252.131500,272.402435 252.138184,276.761139 
	C252.157333,289.239075 252.190445,301.717041 252.262161,314.194763 
	C252.284897,318.152039 250.883255,321.027374 246.734909,321.911041 
	C243.068237,322.692169 243.332474,325.441345 243.483643,328.158112 
	C243.644257,331.044708 245.202713,333.101379 247.992798,333.286774 
	C254.776535,333.737427 261.589508,334.404846 269.145386,332.954071 
M232.008102,270.989258 
	C229.048676,271.177795 227.335571,272.729858 227.323395,275.712280 
	C227.270493,288.663513 227.274902,301.615112 227.309952,314.566437 
	C227.316544,317.008179 228.413315,318.766907 231.085510,318.948273 
	C235.057678,319.217865 239.033997,319.482239 243.012726,319.582977 
	C246.626221,319.674500 248.627304,317.819305 248.638306,314.139587 
	C248.676071,301.518524 248.707901,288.897156 248.657242,276.276245 
	C248.643753,272.916382 246.901230,271.067413 243.371933,271.081055 
	C239.884933,271.094513 236.397537,270.996643 232.008102,270.989258 
M233.486221,147.626022 
	C229.666718,147.783249 227.159760,149.176468 227.187302,153.570389 
	C227.264587,165.899567 227.235413,178.229599 227.202118,190.559174 
	C227.193085,193.906738 228.913513,195.470337 232.092834,195.541931 
	C236.089386,195.631927 240.088608,195.615067 244.086700,195.621628 
	C247.202148,195.626755 248.656174,193.925110 248.661301,190.931854 
	C248.682953,178.268188 248.686752,165.604431 248.662094,152.940781 
	C248.655792,149.702377 246.948288,148.056061 243.701996,147.961533 
	C240.545731,147.869629 237.390854,147.730347 233.486221,147.626022 
M299.292053,124.634026 
	C292.577301,124.609787 285.831451,123.675240 278.847595,124.886299 
	C279.791534,129.094849 283.025208,131.355652 284.542908,134.608200 
	C286.058136,137.855392 288.505127,139.009598 292.149353,138.898285 
	C300.633301,138.639175 309.129730,138.796738 317.621002,138.766113 
	C320.835388,138.754532 323.916290,139.272995 326.723663,140.927795 
	C332.904968,144.571274 333.011383,144.596268 337.025177,138.780243 
	C338.435608,136.736572 339.807251,134.598145 340.760559,132.320480 
	C343.056427,126.834930 341.399323,124.224327 335.504242,124.406242 
	C323.698059,124.770584 311.883850,123.741936 299.292053,124.634026 
M338.475311,259.899963 
	C344.148804,249.692902 343.398926,248.364929 331.682709,248.337128 
	C315.904663,248.299683 300.126312,248.325180 284.348389,248.395203 
	C282.694855,248.402542 280.334717,247.649490 280.010040,250.404953 
	C279.705200,252.992325 288.288605,262.455048 290.994568,262.473083 
	C300.283997,262.535065 309.574860,262.508118 318.864044,262.410461 
	C322.113403,262.376343 325.260498,262.738434 327.714630,264.954132 
	C331.048431,267.964050 333.497650,267.289276 335.685760,263.691406 
	C336.371185,262.564362 337.280579,261.573517 338.475311,259.899963 
M348.485474,156.547394 
	C348.214722,147.764359 349.090607,138.848175 345.769318,130.252289 
	C343.779724,136.216843 340.210693,140.733215 336.061920,144.897217 
	C333.793976,147.173477 333.323273,150.081192 333.344238,153.185608 
	C333.410461,162.992111 333.375214,172.799286 333.425537,182.605972 
	C333.431366,183.741669 333.315674,185.256424 333.955719,185.950134 
	C338.742554,191.138184 343.166504,196.552811 345.586243,204.082687 
	C348.363342,201.192413 348.009613,198.657623 348.030945,196.244781 
	C348.145355,183.287796 348.243042,170.330688 348.485474,156.547394 
M348.287842,265.303406 
	C347.917786,261.481079 349.546753,257.138824 345.277740,253.688538 
	C343.251892,260.162384 339.828949,265.185150 335.225861,269.420135 
	C333.928986,270.613312 333.488861,272.071228 333.501434,273.892883 
	C333.554230,281.548248 333.676239,289.215851 333.318146,296.857697 
	C332.963593,304.423706 333.438721,311.348938 339.947632,316.718842 
	C341.970673,318.387878 342.853729,321.487885 344.120544,324.002319 
	C344.701752,325.155945 344.712280,326.664795 347.864746,327.085388 
	C347.986115,306.616974 348.106384,286.324768 348.287842,265.303406 
M336.270905,210.564117 
	C341.496979,209.745987 343.000427,207.687759 341.496674,202.888901 
	C340.500549,199.710068 338.833801,196.792526 336.766785,194.161255 
	C334.933716,191.827789 333.132935,191.121460 330.742432,193.847794 
	C327.758575,197.250839 323.932251,198.638260 319.186279,198.466049 
	C309.891785,198.128769 300.576508,198.338135 291.269958,198.365845 
	C284.150726,198.387024 279.953125,202.484360 279.256989,210.564316 
	C298.020081,210.564316 316.735199,210.564316 336.270905,210.564117 
M331.381500,316.114807 
	C327.811188,320.303223 323.361755,322.231323 317.776581,322.105560 
	C308.457123,321.895721 299.130157,322.002380 289.806335,322.008698 
	C283.783325,322.012787 280.172546,325.941956 280.246399,332.588409 
	C281.169525,332.726410 282.128143,332.918854 283.096283,333.007172 
	C300.213226,334.568756 317.367706,333.387177 334.502869,333.659119 
	C337.995605,333.714539 342.019104,333.714264 342.122711,328.682953 
	C342.233154,323.319305 335.797699,314.958801 332.125031,315.239319 
	C332.000946,315.248779 331.892639,315.464935 331.381500,316.114807 
M272.692810,156.515762 
	C272.689392,154.025986 272.838684,151.523743 272.636749,149.050171 
	C272.458771,146.869629 273.754974,143.950455 271.082947,142.747299 
	C268.431732,141.553497 265.592529,142.230728 262.995422,143.738144 
	C259.627747,145.692841 258.142700,148.687729 258.125305,152.402832 
	C258.074066,163.356674 258.030518,174.312531 258.191467,185.264542 
	C258.269287,190.560913 261.248474,194.006516 266.220978,195.320908 
	C270.971252,196.576523 272.636810,195.355225 272.661407,190.375687 
	C272.715515,179.420700 272.690643,168.465317 272.692810,156.515762 
M269.870239,318.534088 
	C273.227570,318.321106 272.619171,315.749878 272.626556,313.701569 
	C272.675629,300.059052 272.667450,286.416351 272.665283,272.773682 
	C272.664215,266.128357 269.336517,264.124969 263.249603,267.135712 
	C259.767090,268.858215 258.161499,271.776886 258.156372,275.613007 
	C258.141876,286.425720 257.993652,297.240906 258.178284,308.050323 
	C258.301788,315.280884 261.881195,318.454193 269.870239,318.534088 
M297.261505,184.627686 
	C291.591095,184.479202 289.090515,186.983673 287.413116,194.692596 
	C288.864441,194.964325 290.307678,195.454666 291.755920,195.469940 
	C301.069153,195.568115 310.383575,195.593231 319.697266,195.554993 
	C320.995270,195.549667 322.347931,195.219742 323.577148,194.771164 
	C326.744690,193.615311 329.669220,191.543762 328.953430,187.979614 
	C328.318024,184.815567 324.973633,184.492401 321.985229,184.533859 
	C314.014374,184.644424 306.042419,184.676071 297.261505,184.627686 
M329.136566,312.950409 
	C329.232117,308.695099 325.979736,308.253418 323.082458,308.182007 
	C314.786987,307.977570 306.483093,308.123627 298.182526,308.113251 
	C291.217529,308.104523 289.213715,309.885132 287.932556,317.575714 
	C290.012970,317.881836 292.001617,318.377289 294.212250,318.333679 
	C302.318268,318.173767 310.434784,318.057251 318.535400,318.308960 
	C322.940247,318.445862 326.311035,317.136963 329.136566,312.950409 
M299.757324,142.290878 
	C296.722290,142.433319 293.609528,141.906754 290.266541,143.145432 
	C292.806580,147.037277 293.480286,151.961945 299.613037,151.664185 
	C306.375305,151.335861 313.165466,151.556534 319.943298,151.585037 
	C323.356415,151.599380 327.060730,150.533005 327.395721,147.241043 
	C327.793640,143.330231 323.701660,142.867401 320.567169,142.438919 
	C319.263062,142.260666 317.921204,142.340164 316.596405,142.335083 
	C311.295441,142.314774 305.994446,142.307251 299.757324,142.290878 
M307.498291,266.112701 
	C302.088867,266.283325 296.635681,265.542877 290.869049,266.508606 
	C292.329071,271.274780 294.223022,274.219482 299.608246,273.906281 
	C306.580383,273.500763 313.593719,273.838531 320.588531,273.770569 
	C323.385651,273.743378 327.277130,274.001617 327.333557,270.420074 
	C327.390991,266.777008 323.551819,266.348694 320.485657,266.245300 
	C316.491638,266.110626 312.491974,266.141876 307.498291,266.112701 
M277.097778,138.214691 
	C278.793152,139.022461 280.449829,139.254929 282.261841,137.816025 
	C280.874023,134.733154 279.333405,131.842422 276.414062,128.697678 
	C276.202667,132.245499 275.832977,134.914047 277.097778,138.214691 
M276.355957,258.311340 
	C276.700378,262.227020 278.798676,263.110535 282.574280,261.807556 
	C281.144257,258.900543 279.978729,256.158325 277.502716,254.292313 
	C276.142883,255.327347 276.377838,256.532471 276.355957,258.311340 
M278.174377,203.175064 
	C278.619110,201.780090 280.397614,200.599258 278.810669,198.718750 
	C275.812500,199.248962 276.134491,201.605286 276.327332,203.587997 
	C276.462708,204.979782 277.307953,204.395828 278.174377,203.175064 
z"/>
<path fill="#000000" opacity="1.000000" stroke="none" 
	d="
M268.035645,120.010689 
	C259.588989,115.429588 252.897858,109.278854 249.986237,99.715096 
	C248.444550,94.651154 248.981094,93.692757 254.204636,93.690208 
	C295.648438,93.669968 337.092285,93.725243 378.535950,93.650719 
	C382.395355,93.643776 384.247528,94.723053 383.379913,98.843323 
	C382.320648,103.873718 381.315491,108.916763 380.382080,113.971909 
	C379.849823,116.854637 378.225677,117.459793 375.424896,117.441078 
	C355.286499,117.306442 335.139282,117.029724 315.009918,117.477036 
	C299.602661,117.819420 284.217529,119.155441 268.398987,120.008530 
	C267.975433,119.967552 268.014221,119.998260 268.035645,120.010689 
M378.902405,105.574806 
	C380.749939,97.562065 380.513641,97.259491 372.612885,97.259956 
	C335.004669,97.262169 297.396393,97.245316 259.788269,97.293327 
	C257.736298,97.295944 255.459656,96.574692 253.665268,98.249588 
	C254.915939,108.117844 264.290649,116.326851 273.665466,116.018257 
	C295.252136,115.307678 316.841064,114.665199 338.429474,114.007637 
	C348.743042,113.693497 359.030792,114.451920 369.330658,114.734016 
	C377.388214,114.954697 377.393738,114.753067 378.902405,105.574806 
z"/>
<path fill="#000000" opacity="1.000000" stroke="none" 
	d="
M246.052032,118.074966 
	C217.737869,118.211487 189.837875,117.772949 162.225616,113.188316 
	C153.388336,111.721008 144.706284,109.238266 136.263580,106.108932 
	C134.433548,105.430626 132.469528,104.841583 131.486328,102.558220 
	C135.618591,99.683197 140.490005,99.942253 144.887070,99.320061 
	C165.936447,96.341522 187.101135,94.416306 208.362610,93.582512 
	C213.491943,93.381355 218.585449,92.450882 223.762421,92.572639 
	C226.237518,92.630852 228.280884,93.182999 229.993988,95.067848 
	C235.591522,101.226570 241.273483,107.308525 246.878387,113.460625 
	C248.316193,115.038803 249.640594,116.771400 246.052032,118.074966 
M239.930954,110.513466 
	C236.215439,106.477501 232.496719,102.444481 228.785751,98.404350 
	C226.876511,96.325737 224.776108,95.658997 221.743439,95.811272 
	C205.999252,96.601814 190.316757,98.126007 174.603897,99.276306 
	C163.576019,100.083626 152.594543,101.059837 141.749161,104.033928 
	C174.391891,114.922478 208.172058,114.544525 241.821075,114.844513 
	C242.241440,112.524170 241.058548,111.912292 239.930954,110.513466 
z"/>
<path fill="#000000" opacity="1.000000" stroke="none" 
	d="
M201.026550,221.145233 
	C207.472641,215.515869 210.617126,214.925598 215.998260,218.099884 
	C221.286011,221.219101 224.061111,226.744507 222.657990,231.359863 
	C221.087433,236.525848 214.901489,241.383331 210.041733,241.266708 
	C205.122116,241.148651 199.189941,235.962296 198.044281,230.681259 
	C197.273941,227.130203 198.707275,224.169815 201.026550,221.145233 
M209.120560,219.648209 
	C200.856033,223.432892 198.721664,230.634216 204.549362,235.365814 
	C207.603333,237.845352 211.107025,238.705307 214.654160,236.421677 
	C217.877945,234.346222 220.445511,231.355133 219.410583,227.377365 
	C218.211716,222.769516 214.999954,219.731171 209.120560,219.648209 
z"/>
</svg>